111111 1111111111. 637

811. 1, 10, 631 811. 11, 1,36. 111 qui 111111111Ρ11111111111 erit Ep. 11 Ρ11.
01. 1, 1,19·, 811. 1, 2, 25; 811. 1, 955, 131. quorum comoedir Ρ11111 virorum
ΕΡ. i. 1. ⁷3 Ep. i, 13, 53, ΕΡ. 11, 2, 111 811. 1, 4, 3. 1111111111111111111111
132, ΕΡ.111>11.411. estquod Ep. ii, 111111,111111111811.11,3,74. 1111111-
1, 30. 1111 quod 811.1,4,11. 111 qui rum 111, neque Amori ludum 1111 01.
Ep. 1, 5, 251 ΕΡ. ad Pis. 460. 11111 111, 12, 1. scyphis pugnare, Thracum
11811.1,10,6“. 111111101.1,1,3; 111 01. 1, 27, 2. 11111111111111111

,1, 7,5; 811.1,2,23; 8111, 4,24, 811. 11, 4, 7. 1111111111111111101.
76; 811.11,1,1; 811. 11, 4, 47, ΕΡ. 1, 11,3,21. 1Ρ1111111111111111111811.1,
1, 77; ΕΡ. 1, 6, 4; ΕΡ. 11, 2, 132. 7, 35. 1111111111 01. 111, 29, 57; ΕΡ.1,
1111111111,1111)11Ε.1, 1,34. runt 16, 35. 6,1.111.1111111Ρ11111111111111
1111111,111111 Ep. ud Ρ11. 347. 11 1111111111111111101.11,]5,13. sibi
11111111, 811.1,9,5. 111,1111Ε .1,10, 1111111111111111111111111γά1111).
15, 1111111161. 111, 11 01. 111, 1, 1. 6,44. 11111111111111ΕΡ.11Ρ11.
9. 3,11111111111111.· quum Longarenus 248. 11111111111101.11,11,1. 111
11111 11111 8111, 2, 67. sodalis uunquam 11111111111111 1811 1,3,13. 111 mihi
1111811.11,5,102. Naevius 11 11111111 1111111111 Ρ.1,13,107. 1110111111)
111111ΕΡ.11,1,13. Nomentanus 1111 bonu 11111111111Ρ11 ibid. 109. 11 111

111 811. 11, 6, 23. 11111 iuter 111111 111 811. 1, 3, 46. 111 1111111111 .

11111111 1 111111118111,2,31. ¹rur 11111 811. 1, 9, 26. 11111111Ρ11111111111 811.
1111111111 1, 7, 1. 111111111 111111 ι, 6, 3. 111111111111111111111101111,
ΕΡ.11,1,194. 1111111111 1111111111 1, 14. 111 ribi 1111 1111 ΕΡ11. 3, 3,
01. iii. 2, 27. quoeunque 1111 111111 quir 11111 1111 11111 111111 811. 11, 2, 90.
ΕΡ i, 11, 24. quod 11111 1111111111 1111111111111111111111111811114,
tecum 1111 Ρο111811.11,7,112. penes 12. 111 unimur 1111101. iv, 1111, Ε.
11111 Sunii. 3, 273. 1111111111111111 1,1,53. ingenium 111 111 811. 1, 4, dd.
numero 811. 1, 6, 62. 111111111Ρ11111 1111111111 111 Ε . 11 Ρ11. 366. vor,
111 01. 111, 29, 5. 1111111111 1Ρ1111, 11111111111111111Ρ11Λδ, 39. hoc
111111111111111111 01. 11, 11, 2, 4. 11111111111111111111811.1,3,1. nulla
1111111111111111 1111 111 ΕΡ. 1, 1,37. mihi religio 111811. 1, 9, 71. prout
paullum 11111111Ρ111111ο11181111,6, 111111111111111811.11,6,67. 11111111
3. 11111111 111 iugem 811. 11, 3, 59. 1111111 ΕΡ. 1, 6, 55. 111 natura 1111.
11111111111111111111ΕΡ.1,6,24. quic· bur 11111 811. 11, 4, 45. optimu iirugir
1111111111181111,3,232. 111 petis 111111 111811. 11, 4, 21. 1111111111
1111111, 111 Ulubris Ep. 1, li, 29, 30. mor 111 811. 1, 2, 36. iric lupis 1111

uic 111 11111111111111ΕΡ.1,17,39. 111111 ,7,11. 1111(11111)111111ΕΡ.

1111111111 1111111 811. 1, 3, 7. 11111111 1,1, . 11111111111111Ρ.1,10,1
111 iu 1111 duri Ep. ii, 1,31. 11 quid estne 1111111 paterini 811. 11, 7, 61.
111111 111 811. 11, 4, 52. quod 11111111 111111111111111Ρ11811.11,4,1. quo ,
01. 11, 16, 25. quodcunque 1111111 1111 111 tibi 11111 811. 1, 9, 16. 111
01. iii, 29, 46. 111111111111111111111 11111111111 811. 1, 9, 51 ς 811. 11, 2, 46,
campo· 01. 11, 5, 5. iric 111 summa Ep. i, 5, 283 ΕΡ. 11 Ρ11. 19. nuilus
1111111 811. 11, 3, 221. 111111111111 11111111111111101.11,2, 1. idem
1111 811. 11, 3, 41. 1111111111,111111 3111111111111101.11,11,9. 111111
juvencis, 1111111101.11,4, 30. 11 1111111111111ΕΡ.1,1,51. 11111111
quid 11 11111 viri 111 ΕΡ11. 15, 12. 11111 utinam 11111111, 111 modus 11111
equi 1111111 111 111ΕΡ. 1,15,13. 11 marin 11 1111111 militiaque od. ii, 6, 6,
11 ipro 111 (voluptas) 811. 11, 2, 20. 7. 111 silentiorum 1111111 01. 111, 2,
quern Ρ111111111111111 111 Ε . 11 Ρ11. 72. 25. quir desiderio 111 Ρ11111 01. 1, 24,
sub 111111 111 11111111. 8. quo 111 l. 7, c. 1111. finis: Μ1111111111111111
11111111111111ΕΡ.1,12,25. 11111111 11101. 1, 17, 14. 111111111101111)
11 1111181111,6,1. 11111111111111 curre 811. 11, 4, 0. currerunt 811. 1, 6,
Ε .1,1, 11. 11 Ρ11111111 Ε . 11 Ρ11. 13. 1111111111111 nautis Od. i, 23,
32. inhonore 1111 ΕΡ. 31171. 13. 1111 111 ΕΡ. 1, 14,11; Ε.11,1,
‚rum 1111111111 metu Epod. 1, 17. 11 101. 111111111111111111111Ρ1111101.
culpa 1111111111ΕΡ.1, 14,13. 4, do 11,4, 1. 1111111111 udori 1111111 ΕΡ. ud
1111111111111111111111Ρ111111Ρ1811. Ρ11. 407. , 11111 111 811. 11, 3, 99,
1,2, 102. 1111111111111811. 1,6,11 111111 dedecorique 11111 811. 1, 2, 53.
1111111111111111811.11,3,132. 111 11111Ρ11111811.1,1,33. 0, 1111111,
1111 brevis 111 11, 6, 97. quo 111 patre 1111111111,(1111)1111111111111111Ρ111-
ΕΡ. 1, 7, 54. 111 11111111 ΕΡ. 11 Ρ11. 111111ΕΡ11.17,25. 1111 Ρ11111111111
304. pluris hoc mibi 1111 811. 1, 9, 3. 111 811. 1, 2, 79. 111111111111811.1,2,
5,1.31111.11Ρ11111111111.·11 11111111- 101. quod 111111 dicere 111111 811. 1,
perium 11111111 01. iii, 1, 6. publicu 5, 37. 111111111 Ρ1ο1111111 vultum

 

