1113111 1311333311. 589

ΕΡ33. 10, 9. 31311111131113.11,31. 111, 13, 13. Europe 03. 111, 37, 33.
pulvis 831. 11, 3, 611. signum ΕΡ.33 Ρ13. 33313 831. 1, 1,30. 1113313333,
446. 3,.1111111111111111111111131311. 337. Arbuscula 831. 1, 10, 76. qui 1113.
1, 7, 6. 3, 33 motum quo pertinent 33 1131313 333331313113133831.11,6,39.
mortem: 3113 13313 03. 1, 33, 13. 813 Ρ3313111.11,1,.133.ΙΡ33Ρ3113311Ρ“, ,
‘tlttttt 1111111111311 2113113133 1111111133
831. 11, 1, 63. E 111113 831. 11, 6, 33. sotem.- 3313133333 31 33333 831. 11, 3,
4343131131 piscis Ρ.33 Ρ13. 3. 6, 33- 166.
fostun, 13313113, diruo: 11133 ΕΡ. 33 Ρ13. audere. 3313111313333331 1313313131).
433. Cura 03. 111, 1, 40. eum 0311, 33 Ρ13. 10. quid 333331 ΕΡ. 1, 3, 30.
11,36; 03.111,14,13. comeo Sat. 11,7, 33333133313Ρ.33Ρ13.343. mol„- 1311·
116. vi 1303.111,4,17. 3133313113 Ι311313333111Ρ.11,1,166. o. 13 1111103.
Od. 111, 7,13. 13333331 03. 1, 37,37. ι. 37, 36; 0311134311, .11,7,6;
de 1113131113.- Genius, vultu 3313111113, 03131833. 69; 831. 1, 6, 33, 76; 831.
31333313131ΕΡ.11,3,139. 6, 1331133331 i, 10, 431 831. 11, 1, 10, 63; 831. 11,
3311311133, 16. 131333ΕΡ.1,19,30. 8‚113,139; E .1,3,40; ΕΡ. 1, 3,11;
athleta. athletarum 313313 Ep. ii, 1,31. ΕΡ. 1, 16, 3; .Ρ. 1. 16, 73; ΕΡ. 11, 1,
31333(3331331133). .. 116, 333, 363; ΕΡ. 11, 3, 111, 143 ; ΕΡ.
,111111111111191111111 1.1.1·..ἶ”1,1111111.,.,......,.,
Sat. 1, 6,66; 831. 1, 9, 63; 831. 11, 1, 333131Ρ333331313313303.1,3,31,33.
63; 831. 11, 3, 9, 371 831. 11, 6, 7, Ep. 333113 3133111133 833303134, 14. 33·
1, 3,33; ΕΡ. 1, 7,3; ΕΡ. 1, 17, 39, 46. 313 31133331 311333 jum 03. 1, 36, 6.
atramentum. 11331313 331313 labemque 3331133133313333113303.11, 1,31. 33-
1331131313113313111313Ρ. 11, 1,336. 311331 33333313331131311311131333
31111131. 3331113303.111,1,46. 31113 11110.11, 1,31. 33113133 333 Ρ1133
333331331113313318 .1,6, 31. 333113 03. 111, 1, 3. oco 3113 3313131

31133. Tydiden 0 .i, 16, 37. 3311333 1331113333 3331103111, 7, 3. 33311131 ,

Catonis 03. 11, 1, 34. 33333113331Ρ133311313Ρ3113333 03. 111,
ottagm. 1331333 ΕΡ33. 3, 64. (1311133 4, 6, 6. 3113113331 3Ρ313 Ρ1311331831. 1,
galaubteo 1133311313.) 3, 37. 33313, quo 3113Ρ113 03. 111, 10, 6.
attamen. 831. 11, 1, 16. 33313133,11113313331331311111313 ΕΡ. 11, 3,
attentam. 3131331 1331331111 jurati 13· 161. 333131 Lyde 33133 virginum poem
3333 31133133Ε ,11, 3, 34. 03.111,11,36. 313313133331333133-
3113133(333.1.· 3Ρ3313131Ρ3Ρ3133113313 3331 Ouio, 3, 46. 333131131133311333
3133011133ΕΡ.11,1,197. 03. 111, 19, 33. 0333113 333131 uto·
31113131. 33113831.11,1, 19. 31133133 3113113 33133 03. 111, 35, 4. 1113131133
3333133831.11,6,33. 313113 31133133 831. 1, 3, 39. 3 Deorum 31 qui· 1133
1111111133ιί1 ΕΡ. 1, 7,91. 1131113111, 1, 31313 03. 111, 37, 61. numquid 13113
173. audiret leviora 831. 1, 4, 63. 33311 con·
ottonum. 1331311313 attenuat Duut od. 11333 831. 1, 6, 39. 333 magio 33313111,
1, 34, 13. quom Fufius 3111133 831. 11, 3, 60. dixerit
atterere. 133113131131333 3331133103. 13333331331313,13113313333131831.11,3,
ii, 19, 30. 393. 333313 mo 33311331 831. 11, 4, 39.
31113113. tanquam 33 1313 31113331 31 cottum vigilum 33313113 831. 11, 6, 101.
quidquam 831. 11, 3, 37. qun 3111113111- numquid 33 uocis 33313111 831. 11, 6, 63.
3331011119, 13. to 311111 3111331 03. ec 313 333111 831. 11, 7, 36. simulatque
111, 33, 13. quid 311133111Ρο34, 17. 3331111 831. ἰ, 3, 13. abl 33313113
,11131’1111111131 guo {uult 111.. u· 1· 11³
,1. · ’1 ⁰ ¹’·’ 3193311... tt: ..11, nollo:
attollere. 131113311311313 curat 113313 333331 831.1,1,14. quio 1111111311.

crure Ρ1333ι3 ΕΡ. 1, 17, 63. 1113 ΞΡ. 1, 3, 3. metuens 333111 ΕΡ. 1,

3113111133. 13133 03111, 19, 14. tu, majores 333113 ΕΡ. 11, 1,106.
auceps. uti Ρ31331133,3331Ρ3-3331331 vocat 33311313 3311Ρ1311Ρ.11,3,67. 31
veniant 831. 11, 3, 337. 3131313 13133133 31131133 sermone 133133 3331131 11333133
ΕΡ. 3311134611. ῌΡ. 11, 3, 30. 311133 333113 1131113333 ΕΡ.
aucte. 3331133 atque 3131133 01133313 113139. 3311113 131133 831. 11, 3, 7.
831. 11, 6, 3. 3, exaudire.- 1313113 3331331331 33131133
331131.- cl. autor. vesum 03. 1,3, 37. 1333133 3331103. 11,
33333. 1, 11331113031317. 1310. 331133 1311331113 33313 03111,
Enceladus 1inculator 33333 03. 111, 4, 66. 33, 3. 111133 voto audivere, Dt 33311313

Ρ1131113 uu 31 Od. i, 13, 31. 333103. Ο3.11,13, 1, 3. supplicos Ρ33133 3331

 

